000000300004728200000010020000003001000003700
000000300004728200000010020000003002000003700
000000300004728200000010020000003003000003700
000000300004728300000010020000024001000003300
000000300004728300000010020000024002000000001
000000300004728300000010020000024003000000001
000000300004728400000010020000044001000004100
000000300004728400000010020000044002000002900
000000300004728400000010020000044003000003000
000000300004728500000010020000124001000003500
000000300004728500000010020000124002000004200
000000300004728500000010020000124003000004300

